12
20
20
croix
0 ONU 100 500 0 1
1 Sea-shepherd 100 775 0 1
2 Baleinier 100 700 220 1
3 baleine 100 600 400 1
4 Pêcheur 100 200 0 1
5 Requin 100 0 200 1
6 thon 100 500 200 1
7 sardine 100 200 400 1
8 maquereau 100 0 400 1
9 krill 100 500 600 1
10 Plankton 100 775 600 1
11 Copepodes 100 0 600 1
0 0 1 100
1 0 2 100
2 1 2 100
3 2 3 100
4 3 9 100
5 3 10 100
6 8 11 100
7 4 5 100
8 5 4 100
9 4 6 100
10 4 7 100
11 4 8 100
12 5 6 100
13 5 7 100
14 5 8 100
15 5 10 100
16 6 7 100
17 6 8 100
18 6 9 100
19 7 9 100
0 0 1 95
1 0 2 95
2 1 2 95
3 2 3 95
4 3 9 95
5 3 10 95
6 8 11 95
7 4 5 95
8 5 4 95
9 4 6 95
10 4 7 95
11 4 8 95
12 5 6 95
13 5 7 95
14 5 8 95
15 5 10 95
16 6 7 95
17 6 8 95
18 6 9 95
19 7 9 95
