9
13
13
croix
0 chasseur 100 300 0 1
1 babouin 100 0 200 1
2 leopard 100 700 0 1
3 moustique 100 0 0 1
4 zebre 100 700 600 1
5 vegetaux2 100 0 600 1
6 gazelle 100 500 300 1
7 elephants 100 300 300 1
8 guepard 100 775 200 1
0 0 1 100
1 0 2 100
2 0 7 100
3 0 5 100
4 0 6 100
5 1 5 100
6 2 6 100
7 2 4 100
8 3 0 100
9 4 5 100
10 6 5 100
11 7 5 100
12 8 4 100
0 0 1 98
1 0 2 98
2 0 7 98
3 0 5 98
4 0 6 98
5 1 5 98
6 2 6 98
7 2 4 98
8 3 0 98
9 4 5 98
10 6 5 98
11 7 5 98
12 8 4 98
