12
20
ONU  100.0 500 0 
Sea-shepherd 100.0 700 0
Baleinier 100.0 600 150
baleine 100.0 600 300
Pêcheur 100.0 100 50
Requin 100.0 50 200
thon 100.0 200 300
sardine 100.0 100 450
maquereau 100.0 200 600
krill 100.0 500 450
Plankton 100.0 700 450
Copepodes 100.0 600 600

0 0 1 100.0
1 0 2 100.0
2 1 2 100.0
3 2 3 100.0
4 3 9 100.0
5 3 10 100.0
6 8 11 100.0
7 4 5 100.0
8 5 4 100.0
9 4 6 100.0
10 4 7 100.0
11 4 8 100.0
12 5 6 100.0
13 5 7 100.0
14 5 8 100.0
15 5 10 100.0
16 6 7 100.0
17 6 8 100.0
18 6 9 100.0
19 7 9 100.0

